start_time = 0
segments_to_train = []
min_length = 20
max_length = 25
plot_signals = False
manual_random_seed = -1
plot_losses = False
init_sample_rate = 16000
fs_list = [320, 400, 500, 640, 800, 1000, 1280, 1600, 2000, 2500, 4000, 8000, 10000, 12000, 14400, 16000]
run_mode = normal
speech = False
set_first_scale_by_energy = True
add_cond_noise = True
min_energy_th = 0.0025
is_mps = True
device = mps
is_cuda = False
initial_noise_amp = 1
noise_amp_factor = 0.01
lambda_grad = 0.01
alpha1 = 0
alpha2 = 0.0001
multispec_loss_n_fft = (2048, 1024, 512)
multispec_loss_hop_length = (240, 120, 50)
multispec_loss_window_size = (1200, 600, 240)
num_epochs = 2000
learning_rate = 0.0015
scheduler_lr_decay = 0.1
beta1 = 0.5
filter_size = 9
num_layers = 8
hidden_channels_init = 16
growing_hidden_channels_factor = 1
gpu_num = 0
input_file = we_are_the_champion.wav
inpainting_indices = [0, 1]
output_folder = outputs/we_are_the_champion_4
Fs = 16000
norm_factor = 0.6174675
scales = [50.0, 40.0, 32.0, 25.0, 20.0, 16.0, 12.5, 10.0, 8.0, 6.4, 4.0, 2.0, 1.6, 1.3333333333333333, 1.1111111111111112, 1.0]
scheduler_milestones = [1333]
dilation_factors = [1, 2, 4, 8, 16, 32, 64, 128]
inputs_lengths = [6400, 8000, 10000, 12800, 16000, 20000, 25600, 32000, 40000, 50000, 80000, 160000, 200000, 240000, 288000, 320000]
****************************** Scale 15 (320 [Hz]) ******************************
receptive_field = 6378[msec] (31.9% of input)
signal_energy = 0.0195